371.46153840273,-10.009706896551734
371.8391998916188,-0.7045344827586177
372.21681955928005,-10.415146551724547
372.59439739603135,-14.283439655172742
372.97193339219024,-2.618741379309995
373.3494275380741,-16.749310344827563
373.72687982400055,-8.175258620689874
374.104290240287,-0.059818965517251854
374.481658777251,19.594034482758616
374.85898542521005,20.511258620689205
375.2362701744817,4.991560344827349
375.61351301538343,1.9275000000002365
375.9907139382327,6.108181034482641
376.36787293334714,-12.621801724138095
376.7449899910441,17.732999999999947
377.12206510164117,21.009750000000167
377.49909825545586,20.82364655172387
377.8760894428056,6.094887931034236
378.25303865400804,8.926318965516657
378.62994587938056,-0.930517241379448
379.0068111092407,-2.386112068965531
379.38363433390595,0.6713017241377202
379.76041554369385,8.474353448275906
380.13715472892187,27.716120689655554
380.51385187990763,48.00139655172461
380.89050698696843,36.60920689655154
381.26712004042196,44.285974137930225
381.64369103058567,47.71559482758653
382.02021994777704,69.90843103448265
382.3967067823135,57.4394999999995
382.77315152451274,51.36455172413798
383.14955416469223,68.03410344827535
383.52591469316934,58.436482758621196
383.90223310026164,58.83527586206901
384.27850937628665,59.619568965517374
384.65474351156195,51.31137931034482
385.0309354964049,69.53622413793096
385.4070853211331,65.16943965517225
385.783192976064,40.816474137931436
386.15925845151514,63.52109482758601
386.5352817378041,62.21837068965533
386.9112628252483,66.41899137931
387.2872017041652,63.28846551724132
387.6630983648723,69.0244396551725
388.03895279768733,74.68065517241416
388.4147649929276,77.20634482758624
388.79053494091056,62.92955172413849
389.16626263195394,79.45287931034454
389.541948056375,47.190517241378984
389.91759120449143,80.37674999999945
390.2931920666206,82.39730172413806
390.66875063308015,63.72713793103412
391.04426689418744,69.06431896551726
391.41974084026015,58.15068103448334
391.79517246161566,72.01538793103396
392.17056174857146,91.62271551724075
392.54590869144516,83.87283620689618
392.9212132805541,83.2148275862071
393.296475506216,86.51816379310321
393.6716953587482,79.77191379310352
394.04687282846834,87.7411293103446
394.4220079056938,100.84148275862049
394.79710058074215,82.88249999999994
395.1721508439309,94.11517241379306
395.5471586855775,86.60456896551727
395.92212409599955,94.48737931034498
396.29704706551445,68.20026724137938
396.67192758443974,86.25894827586171
397.04676564309307,87.32239655172361
397.4215612317917,102.19073275862092
397.7963143408533,102.10432758620664
398.1710249605953,104.33092241379336
398.54569308133523,93.76290517241387
398.92031869339064,97.06624137931021
399.29490178707897,96.4547586206902
399.6694423527178,106.27171551724132
400.0439403806246,90.00095689655109
400.41839586111684,104.90252586206907
400.792808784512,103.3007068965519
401.1671791411277,104.48379310344808
401.5415069212814,99.46564655172392
401.91579211529057,89.86137931034455
402.2900347134728,117.33157758620655
402.6642347061454,142.60841379310295
403.0383920836261,130.33887931034496
403.41250683623224,112.60587931034479
403.7865789542815,126.05849999999964
404.1606084280912,127.6869051724143
404.53459524797904,136.35400862068946
404.9085394042624,144.03742241379314
405.2824408872587,118.62765517241405
405.65629968728564,139.42471551724157
406.0301157946606,131.3624482758621
406.4038891997011,131.9473448275869
406.7776198927248,137.38422413793137
407.15130786404893,137.96912068965457
407.5249531039912,155.21027586206947
407.8985556028691,141.3123362068966
408.272115351,146.96855172413848
408.64563233870155,148.61689655172404
409.01910655629126,160.80667241379297
409.39253799408647,150.697267241379
409.7659266424049,166.1172672413793
410.13927249156393,148.1449913793099
410.51257553188105,166.52270689655165
410.8858357536738,166.38312931034466
411.25905314725975,156.49970689655197
411.63222770295624,158.92569827586158
412.00535941108103,173.36865517241358
412.3784482619514,176.10038793103422
412.75149424588494,175.0170000000005
413.1244973531991,176.84480172413805
413.4974575742115,174.56503448275885
413.87037489923966,177.0840775862066
414.2432493186009,176.45265517241387
414.6160808226129,182.6538879310342
414.9888694015931,192.60377586206891
415.3616150458589,199.6225344827585
415.734317745728,200.4267672413796
416.1069774915178,197.22312931034503
416.47959427354584,192.26480172413835
416.8521680821296,196.59835344827547
417.2246989075866,205.90352586206927
417.5971867402344,197.38264655172406
417.9696315703904,210.2437241379314
418.34203338837216,216.84374999999955
418.71439218449717,215.38150862068983
419.08670794908295,225.97611206896545
419.458980672447,207.25277586206857
419.8312103449069,224.89272413793128
420.20339695678,227.37853448275837
420.5755404983839,236.0589310344833
420.9476409600361,239.48855172413846
421.3196983320541,261.0366724137932
421.6917126047555,239.08311206896565
422.0636837684576,245.0982413793106
422.4356118134781,252.05053448275885
422.8074967301344,287.8422155172409
423.179338508744,261.7744396551732
423.5511371396245,280.05245689655135
423.92289261309327,282.4053362068971
424.29460491946793,276.7757068965516
424.666274049066,298.57639655172375
425.0378999922049,297.85192241379286
425.4094827392022,304.55829310344825
425.7810222803753,329.3299913793103
426.1525186060418,306.19999137931063
426.5239717065192,310.1480431034488
426.895381572125,313.3716206896554
427.2667481931767,339.718551724138
427.63807155999183,322.6967327586201
428.00935166288787,363.9585258620691
428.3805884921823,353.47691379310345
428.7517820381926,344.82975000000056
429.1229322912364,342.277474137931
429.4940392416312,343.8925862068968
429.8651028796943,367.77364655172437
430.23612319574346,352.0811379310344
430.60710018009604,368.7041637931038
430.97803382306955,384.93504310344815
431.3489241149815,371.6419396551728
431.71977104614945,358.0896206896555
432.0905746068909,381.83775000000014
432.4613347875234,370.94405172413735
432.8320515783643,404.9012844827587
433.20272496973126,400.90006034482803
433.5733549519417,405.0541551724141
433.94394151531304,398.39431034482755
434.31448465016297,377.2250431034481
434.68498434680896,404.210043103448
435.0554405955685,420.41433620689645
435.425853386759,389.0758448275858
435.79622271069803,434.01318103448284
436.1665485577032,424.34909482758644
436.53683091809177,417.27051724137937
436.9070697821815,420.62037931034524
437.2772651402898,400.6541379310345
437.6474169827341,405.13391379310406
438.017525299832,397.9689310344827
438.387590081901,427.492913793104
438.7576113192586,424.1297586206897
439.12758900222224,438.55277586206853
439.4975231211095,422.966612068966
439.8674136662379,421.6838275862067
440.2372606279249,415.4294224137934
440.60706399648797,424.3291551724137
440.9768237622447,434.8971724137932
441.34653991551255,424.76782758620675
441.716212446609,455.28879310344814
442.08584134585163,434.58478448275923
442.4554266035579,437.9080603448274
442.8249682100453,421.17204310344823
443.1944661556314,446.87425862068903
443.56392043063363,464.14864655172437
443.93333102536957,445.1727413793103
444.3026979301566,474.96258620689605
444.67202113531243,492.23697413793025
445.04130063115434,484.4339224137932
445.41053640800004,476.67739655172454
445.7797284561669,470.36317241379334
446.1488767659724,484.97229310344915
446.5179813277342,515.8721120689656
446.88704213176965,510.96695689655166
447.2560591683964,515.8255862068968
447.62503242793184,535.067353448276
447.99396190069353,546.1405086206896
448.36284757699894,589.9213448275864
448.73168944716554,578.9678275862072
449.10048750151105,573.9895603448274
449.4692417303527,577.3261293103449
449.83795212400815,585.5146810344829
450.20661867279483,590.7189310344834
450.57524136703034,644.4496551724135
450.94382019703215,659.3312844827587
451.3123551531177,676.8183620689647
451.6808462256046,677.8884568965518
452.0492934048102,674.8443362068963
452.41769668105223,684.5549482758618
452.786056044648,710.1042931034478
453.15437148591514,711.2342068965518
453.5226429951711,780.690672413793
453.8908705627333,741.3763189655169
454.2590541789195,796.2967758620694
454.62719383404686,748.8005172413793
454.9952895184332,770.6211465517238
455.36334122239583,762.8912068965515
455.73134893625235,779.4743534482752
456.09931265032026,850.6389827586199
456.467232354917,810.0950172413786
456.8351080403602,787.430275862069
457.2029396969672,859.8643965517244
457.5707273150556,856.527827586207
457.93847088494294,865.9194051724146
458.30617039694664,834.9065948275859
458.6738258413843,884.8421379310341
459.0414372085733,856.7936896551714
459.4090044888313,853.6631637931036
459.77652767247565,898.1817672413795
460.144006749824,910.6639913793103
460.5114417111938,908.6367931034486
460.8788325469025,878.5677931034481
461.24617924726766,948.2834741379311
461.61348180260677,895.543086206897
461.98074020323736,912.5914913793104
462.34795443947695,969.8714741379317
462.715124501643,891.8210172413792
463.08225038005304,957.08350862069
463.4493320650245,964.4478879310343
463.816369546875,955.3686982758618
464.183362815922,1000.3791465517236
464.550311862483,993.3205086206888
464.9172166768755,974.8563879310343
465.28407724941707,999.6679655172409
465.6508935704251,982.666086206897
466.01766563021727,994.8292758620689
466.3843934191109,1029.1520689655179
466.75107692742347,999.541681034483
467.11771614547274,1015.2873620689654
467.484311063576,1024.3931379310343
467.8508616720508,1038.3708362068974
468.21736796121473,1049.7231465517243
468.58382992138525,1072.1419655172413
468.9502475428798,1082.3975948275865
469.31662081601587,1100.8085431034474
469.6829497311111,1094.9396379310344
470.0492342784829,1107.787422413792
470.41547444844883,1125.6732931034478
470.78167023132636,1113.5965086206902
471.147821617433,1157.0317241379307
471.5139285970863,1154.1471206896554
471.8799911606036,1184.2360603448278
472.2460092983026,1175.8281724137926
472.6119830005008,1207.7914396551726
472.97791225751564,1215.5546120689644
473.3437970596646,1232.4036206896553
473.70963739726517,1254.0846724137928
474.075433260635,1263.077456896552
474.44118464009136,1283.8213448275872
474.80689152595204,1311.796681034484
475.17255390853427,1325.867431034483
475.53817177815574,1361.6325258620693
475.903745125134,1346.3986293103435
476.26927393978633,1431.813465517242
476.6347582124304,1435.289612068966
477.0001979333836,1459.2171982758625
477.36559309296365,1484.0154827586207
477.7309436814879,1535.0011810344827
478.09624968927386,1503.9418448275862
478.461511106639,1540.3782413793103
478.826727923901,1561.7402586206897
479.1919001313771,1601.3935862068975
479.557027719385,1615.225060344828
479.9221106782422,1697.1238706896543
480.2871489982661,1705.1994310344828
480.6521426697744,1712.9227241379317
481.01709168308435,1740.9312931034476
481.38199602851364,1746.0424913793101
481.74685569637967,1810.5273362068963
482.111670677,1841.45374137931
482.4764409606922,1884.6496810344834
482.84116653777363,1914.2068965517249
483.2058473985619,1950.968974137931
483.57048353337444,1937.2970172413789
483.93507493252883,1967.3261379310343
484.29962158634265,2005.896077586206
484.6641234851332,2022.3795258620694
485.02858061921813,2066.0739568965528
485.3929929789149,2094.3882672413797
485.757360554541,2129.382362068965
486.121683336414,2168.989163793104
486.4859613148513,2185.007353448276
486.8501944801706,2236.2655603448284
487.2143828226892,2235.002715517242
487.57852633272466,2240.120560344827
487.94262500059455,2297.300844827587
488.3066788166163,2306.8851724137935
488.67068777110745,2335.498577586207
489.0346518543855,2360.8086465517235
489.39857105676805,2396.507275862069
489.7624453685724,2373.882413793104
490.12627478011626,2403.300051724137
490.49005928171704,2406.6764999999996
490.85379886369225,2431.6941206896563
491.2174935163594,2458.645887931035
491.581143230036,2500.5856293103443
491.94474799503956,2489.7185172413783
492.30830780168753,2479.137206896552
492.67182264029753,2526.5935862068964
493.035292501187,2494.1185344827595
493.3987173746735,2539.8335172413795
493.7620972510744,2522.8316379310354
494.1254321207073,2545.655896551725
494.48872197388977,2535.367034482758
494.8519668009391,2550.8468534482754
495.21516659217303,2568.5532672413788
495.5783213379091,2567.9617241379315
495.9414310284645,2541.8407758620688
496.30449565415705,2541.0033103448277
496.66751520530397,2586.5122499999998
497.03048967222315,2581.407698275863
497.39341904523167,2626.5444310344847
497.75630331464737,2581.946068965516
498.11914247078755,2576.3031465517242
498.4819365039699,2584.9370172413787
498.8446854045118,2621.107551724137
499.20738916273064,2608.8845431034474
499.5700477689442,2591.9158965517245
499.93266121346977,2607.6150517241385
500.29522948662503,2594.3418879310343
500.6577525787273,2625.7069655172413
501.02023048009426,2630.9643879310343
501.38266318104326,2571.0988965517245
501.7450506718919,2606.923810344827
502.1073929429577,2635.178301724137
502.469689984558,2659.1324741379312
502.8319417870105,2656.5801982758608
503.1941483406327,2630.6652931034487
503.5563096357421,2659.650905172414
503.91842566265603,2659.6841379310345
504.28049641169207,2684.8346896551725
504.64252187316794,2725.6777500000007
505.0045020374009,2715.1695517241383
505.36643689470856,2701.291551724137
505.72832643540835,2728.2831982758617
506.0901706498178,2764.3673275862075
506.45196952825466,2764.1214051724146
506.813723061036,2804.512500000001
507.1754312384797,2771.1135775862067
507.537094050903,2833.351887931036
507.8987114886236,2783.58250862069
508.26028354195887,2862.078284482759
508.62181020122637,2887.2022499999994
508.9832914567437,2868.532086206897
509.3447272988281,2922.3625086206894
509.7061177177974,2921.6912068965516
510.0674627039689,2903.3533706896555
510.42876224766013,2927.8791465517234
510.7900163391887,2986.0231810344835
511.151224968872,2938.972241379311
511.51238812702763,2932.9969913793093
511.87350580397293,2978.3065344827583
512.2345779900257,3114.8333534482754
512.5956046755031,3101.50701724138
512.9565858507228,3081.328086206896
513.3175215060025,3111.3173275862055
513.6784116316593,3209.6331206896575
514.0392562180111,3189.8928620689667
514.4000552553752,3227.8114396551737
514.7608087340691,3196.698931034483
515.1215166444102,3319.520560344826
515.4821789767162,3280.990499999998
515.8427957213047,3340.2112758620688
516.2033668684929,3343.268689655172
516.5638924085987,3381.818689655171
516.924372331939,3393.1045344827585
517.284806628832,3432.0732672413806
517.6451952895948,3413.389810344827
518.0055383045449,3494.205232758619
518.365835664,3541.0036034482755
518.7260873582774,3553.0205689655168
519.0862933776949,3627.395482758619
519.4464537125696,3635.0523103448263
519.8065683532194,3653.024586206897
520.1666372899614,3659.744249999999
520.5266605131134,3698.9256724137936
520.8866380129929,3754.49749137931
521.2465697799173,3769.9573706896526
521.6064558042042,3827.8355431034497
521.966296076171,3828.520137931031
522.3260905861354,3871.1378275862066
522.6858393244146,3831.0724137931047
523.0455422813262,3932.1132931034485
523.405199447188,3966.682008620689
523.7648108123171,4000.665827586207
524.1243763670313,4053.392922413793
524.4838961016479,4022.5529224137936
524.8433700064846,4076.8685431034487
525.2027980718589,4091.6504741379304
525.5621802880879,4156.6537499999995
525.9215166454898,4146.32500862069
526.2808071343813,4181.857474137931
526.6400517450808,4201.498034482759
526.999250467905,4194.200120689655
527.3584032931719,4264.846318965518
527.7175102111987,4229.593008620692
528.0765712123032,4225.751301724137
528.4355862868027,4273.307379310344
528.7945554250149,4301.714741379312
529.153478617257,4278.445163793103
529.5123558538468,4332.282232758619
529.8711871251016,4367.189922413796
530.229972421339,4383.686663793104
530.5887117328764,4352.334879310345
530.9474050500316,4366.279344827588
531.3060523631218,4361.400775862068
531.6646536624647,4400.608784482759
532.0232089383777,4408.651112068965
532.3817181811784,4385.182137931035
532.740181381184,4433.349698275863
533.0985985287124,4424.941810344826
533.4569696140809,4407.63418965517
533.815294627607,4443.764844827587
534.1735735596084,4461.7504137931055
534.5318064004024,4426.523689655172
534.8899931403066,4438.620413793104
535.2481337696383,4424.808879310347
535.6062282787153,4418.155681034483
535.9642766578552,4406.643853448275
536.322278897375,4426.483810344827
536.6802349875926,4421.704939655172
537.0381449188254,4425.500120689657
537.396008681391,4441.990215517242
537.7538262656067,4429.514637931034
538.1115976617901,4471.839879310345
538.4693228602589,4433.6354999999985
538.8270018513302,4497.881068965519
539.184634625322,4426.849370689655
539.5422211725514,4467.526267241379
539.8997614833361,4424.662655172414
540.2572555479934,4497.422456896551
540.6147033568411,4488.07075862069
540.9721049001965,4503.211603448276
541.3294601683773,4478.107577586208
541.6867691517009,4470.291232758621
542.0440318404848,4482.5740603448285
542.4012482250464,4499.801922413793
542.7584182957032,4519.555474137931
543.1155420427729,4575.300103448274
543.472619456573,4578.118241379311
543.8296505274208,4536.484241379311
544.1866352456341,4562.897637931034
544.54357360153,4624.743801724138
544.9004655854266,4636.5347844827575
545.2573111876407,4562.339327586209
545.6141103984902,4592.866939655171
545.9708632082926,4596.675413793104
546.3275696073654,4600.530413793103
546.684229586026,4682.269706896551
547.040843134592,4612.966112068965
547.397410243381,4703.1066465517215
547.7539309027102,4633.364379310344
548.1104051028973,4669.508327586206
548.46683283426,4611.563689655171
548.8232140871154,4674.4068362068965
549.1795488517813,4767.863999999998
549.5358371185752,4698.254663793103
549.8920788778144,4726.6155
550.2482741198164,4814.403155172414
550.604422834899,4790.555327586206
550.9605250133797,4782.9317327586205
551.3165806455755,4825.8352241379325
551.6725897218045,4756.186008620689
552.0285522323837,4866.292784482758
552.3844681676312,4846.253431034483
552.740337517864,4899.179922413796
553.0961602733997,4915.643431034483
553.451936424556,5014.324784482757
553.8076659616502,4930.525060344829
554.1633488749999,4984.534939655172
554.5189851549228,5044.07475
554.8745747917361,5011.865560344827
555.2301177757573,5038.657810344826
555.5856140973041,5122.078681034485
555.9410637466939,5137.698077586205
556.2964667142442,5152.240732758621
556.6518229902725,5218.19446551724
557.0071325650965,5220.660336206896
557.3623954290335,5210.65727586207
557.717611572401,5215.65548275862
558.0727809855165,5242.161931034483
558.4279036586978,5291.685387931033
558.7829795822619,5305.237706896551
559.1380087465267,5326.466793103449
559.4929911418096,5332.973767241379
559.8479267584282,5368.313482758622
560.2028155866997,5454.419560344826
560.5576576169418,5473.455284482758
560.9124528394722,5486.961077586206
561.267201244608,5569.14568965517
561.6219028226669,5524.520741379312
561.9765575639667,5538.5449655172415
562.3311654588246,5619.3404482758615
562.6857264975578,5608.938594827588
563.0402406704843,5636.096405172414
563.3947079679216,5622.318103448275
563.7491283801869,5650.113982758619
564.1035018975979,5702.555275862069
564.4578285104722,5722.641155172415
564.812108209127,5780.864948275863
565.1663409838801,5779.695155172412
565.5205268250488,5807.550853448277
565.8746657229508,5824.0343017241385
566.2287576679033,5895.690775862071
566.582802650224,5899.678706896551
566.9368006602307,5882.464137931036
567.2907516882406,5849.982439655171
567.6446557245708,5970.823396551727
567.9985127595396,5959.331508620689
568.3523227834639,6022.9788879310345
568.7060857866617,5935.829301724138
569.05980175945,6023.2979224137935
569.4134706921468,6044.334258620689
569.7670925750693,5985.665146551724
570.1206673985349,6035.454465517242
570.4741951528614,6015.235655172415
570.8276758283661,6061.482362068966
571.1811094153666,6087.171284482758
571.5344959041804,6046.733663793105
571.887835285125,6104.82452586207
572.241127548518,6085.1108534482755
572.5943726846766,6174.726310344828
572.9475706839186,6197.10525
573.3007215365616,6170.386112068966
573.6538252329226,6158.183043103449
574.0068817633196,6174.12147413793
574.35989111807,6193.123965517239
574.7128532874912,6121.208275862069
575.0657682619006,6199.4381896551695
575.418636031616,6170.791551724138
575.7714565869547,6143.015612068966
576.1242299182344,6202.362672413793
576.4769560157722,6153.012025862069
576.8296348698861,6145.647646551724
577.1822664708935,6140.224060344825
577.5348508091115,6221.365163793102
577.887387874858,6201.491974137933
578.2398776584505,6126.020379310345
578.5923201502063,6168.053172413791
578.9447153404429,6140.775724137931
579.2970632194782,6160.210241379309
579.6493637776293,6110.354456896552
580.0016170052138,6146.538284482759
580.3538228925493,6182.775284482759
580.7059814299532,6086.8256637931045
581.058092607743,6129.549698275864
581.4101564162362,6165.3879051724125
581.7621728457506,6147.9606465517245
582.1141418866034,6070.408681034483
582.466063529112,6137.631905172415
582.8179377635942,6150.213827586208
583.1697645803674,6138.382965517243
583.5215439697491,6120.949060344829
583.8732759220567,6131.663301724138
584.2249604276079,6134.248810344827
584.57659747672,6168.219336206897
584.9281870597107,6153.663387931035
585.2797291668975,6146.431939655175
585.6312237885977,6113.212474137931
585.982670915129,6135.159387931036
586.3340705368088,6177.112422413793
586.6854226439547,6148.419258620688
587.0367272268841,6152.859155172413
587.3879842759146,6242.022646551724
587.7391937813636,6235.781534482758
588.0903557335488,6243.05950862069
588.4414701227875,6256.777991379311
588.7925369393971,6317.294844827586
589.1435561736955,6301.396293103448
589.494527816,6307.198732758621
589.8454518566281,6300.106862068966
590.1963282858972,6370.759706896553
590.547157094125,6402.011793103449
590.8979382716288,6363.76753448276
591.2486718087263,6379.420163793102
591.5993576957351,6417.597956896551
591.9499959229723,6494.79100862069
592.3005864807558,6521.663017241381
592.6511293594028,6503.072612068965
593.0016245492311,6594.449405172417
593.3520720405579,6586.613120689653
593.7024718237009,6596.1110431034485
594.0528238889776,6624.890612068966
594.4031282267056,6610.540706896553
594.7533848272021,6750.018594827586
595.1035936807849,6737.0777586206905
595.4537547777715,6790.396396551726
595.803868108479,6845.895103448274
596.1539336632253,6877.240241379311
596.5039514323281,6882.6438879310335
596.8539214061043,6825.423724137931
597.2038435748719,6942.841706896551
597.5537179289481,7004.84074137931
597.9035444586507,7119.899198275863
598.2533231542969,7161.559784482759
598.6030540062044,7142.6835775862055
598.9527370046907,7171.90181896552
599.3023721400731,7155.119275862072
599.6519594026695,7262.713655172414
600.001498782797,7241.192120689656
600.3509902707734,7336.576784482757
600.700433856916,7321.522344827587
601.0498295315423,7421.4133706896555
601.39917728497,7401.081568965517
601.7484771075166,7532.437370689655
602.0977289894995,7474.5591982758615
602.4469329212361,7589.544543103448
602.796088893044,7547.099663793102
603.1451968952409,7621.886663793105
603.494256918144,7725.26048275862
603.8432689520711,7740.168698275864
604.1922329873393,7771.606887931035
604.5411490142665,7764.807465517246
604.89001702317,7839.634344827586
605.2388370043674,7924.743439655172
605.5876089481761,7832.934620689658
605.9363328449137,7860.391525862071
606.2850086848979,7950.571939655173
606.6336364584456,8002.960060344827
606.982216155875,8072.7555
607.3307477675032,8105.336896551722
607.6792312836478,8168.013879310345
608.0276666946264,8229.069103448275
608.3760539907562,8199.219439655171
608.7243931623551,8294.28506896552
609.0726841997404,8306.069405172411
609.4209270932297,8355.43999137931
609.7691218331404,8362.618267241378
610.11726840979,8417.232982758618
610.4653668134961,8445.753336206895
610.813417034576,8459.18601724138
611.1614190633476,8545.28544827586
611.5093728901279,8475.343784482759
611.857278505235,8590.448767241382
612.2051358989859,8572.403379310343
612.5529450616983,8635.578853448276
612.9007059836897,8625.914767241384
613.2484186552775,8653.863517241378
613.5960830667797,8669.615844827587
613.943699208513,8667.914327586208
614.2912670707955,8703.320508620689
614.6387866439445,8728.96955172414
614.9862579182775,8775.415655172414
615.333680884112,8731.980439655172
615.6810555317657,8831.559077586206
616.0283818515558,8832.576
616.3756598338,8747.825818965519
616.7228894688157,8857.493922413792
617.0700707469207,8899.93880172414
617.4172036584321,8842.957913793107
617.7642881936675,8866.566465517242
618.1113243429445,8914.853663793101
618.4583120965808,8905.442146551723
618.8052514448935,8880.451112068962
619.1521423782003,8969.734241379312
619.4989848868188,8848.115637931038
619.8457789610666,8983.585655172414
620.1925245912607,8947.162551724137
620.5392217677189,8863.49575862069
620.885870480759,8821.516137931036
621.2324707206981,8939.931103448278
621.5790224778539,8827.657551724136
621.9255257425439,8896.768396551723
622.2719805050855,8882.784051724137
622.6183867557961,8885.396146551724
622.9647444849935,8929.442844827585
623.3110536829952,8846.247956896554
623.6573143401184,8829.585051724142
624.0035264466808,8866.69275
624.349689993,8818.585008620688
624.6958049693934,8774.305681034482
625.0418713661784,8697.272146551728
625.3878891736726,8722.017258620692
625.7338583821937,8661.035146551727
626.0797789820589,8708.657689655176
626.4256509635858,8651.869551724138
626.7714743170919,8747.101344827586
627.117249032895,8635.645318965517
627.462975101312,8600.584758620693
627.808652512661,8626.067637931033
628.1542812572592,8529.818922413791
628.499861325424,8515.980801724141
628.8453927074733,8549.492715517243
629.1908753937244,8516.43276724138
629.5363093744947,8528.084172413794
629.8816946401017,8416.149594827584
630.227031180863,8448.870568965522
630.5723189870963,8389.390577586208
630.9175580491187,8386.100534482759
631.2627483572479,8385.814732758616
631.6078899018016,8350.568068965516
631.9529826730972,8327.458008620688
632.2980266614518,8280.38048275862
632.6430218571834,8272.344801724139
632.9879682506095,8247.659508620689
633.3328658320472,8270.178025862067
633.6777145918143,8249.161629310342
634.0225145202284,8196.314896551725
634.3672656076068,8113.34599137931
634.7119678442671,8185.893103448274
635.0566212205266,8143.8603103448295
635.4012257267033,8101.681293103448
635.7457813531141,8062.453344827584
636.0902880900769,8039.409750000001
636.4347459279091,8006.529258620691
636.7791548569284,8014.352250000004
637.1235148674518,7998.540103448277
637.4678259497972,7937.677629310345
637.8120880942822,7921.0346637931025
638.1563012912239,7937.046206896553
638.5004655309402,7918.010482758618
638.8445808037485,7928.279405172416
639.1886470999663,7861.242284482756
639.5326644099108,7798.080103448275
639.8766327238999,7768.223793103451
640.2205520322509,7765.811094827586
640.5644223252815,7791.360439655171
640.9082435933088,7666.837293103449
641.252015826651,7791.666181034485
641.5957390156251,7725.43329310345
641.9394131505485,7680.024051724138
642.283038221739,7655.5514482758645
642.6266142195141,7676.315275862069
642.9701411341911,7624.106612068968
643.3136189560876,7683.493551724138
643.6570476755212,7683.898991379309
644.0004272828095,7623.7543448275865
644.3437577682696,7600.96331896552
644.6870391222192,7661.028206896552
645.030271334976,7640.543534482758
645.3734543968574,7597.035206896554
645.7165882981807,7615.672137931035
646.0596730292636,7591.757844827588
646.4027085804239,7670.220387931033
646.7456949419784,7566.3081982758595
647.0886321042451,7576.45748275862
647.4315200575415,7596.722818965516
647.7743587921849,7601.202594827587
648.1171482984928,7490.477689655174
648.459888566783,7568.754129310346
648.8025795873729,7492.09944827586
649.1452213505797,7525.431905172416
649.4878138467211,7589.823698275863
649.8303570661149,7512.943034482761
650.172850999078,7517.336405172417
650.5152956359285,7497.636025862068
650.8576909669837,7510.776258620691
651.2000369825611,7494.458974137932
651.542333672978,7468.836517241376
651.8845810285519,7546.84044827586
652.2267790396008,7646.917577586207
652.5689276964417,7523.278422413793
652.9110269893924,7562.6725344827555
653.2530769087704,7555.181870689657
653.5950774448929,7523.185370689655
653.9370285880777,7553.234431034485
654.2789303286421,7493.794318965516
654.6207826569039,7602.372387931035
654.9625855631804,7542.7129396551745
655.3043390377888,7661.088025862069
655.6460430710474,7552.303913793103
655.9876976532731,7605.755482758621
656.3293027747835,7575.573491379311
656.6708584258962,7516.053620689656
657.0123645969287,7552.244094827584
657.3538212781983,7613.844336206896
657.6952284600228,7541.516560344827
658.0365861327195,7642.544146551723
658.3778942866063,7603.914387931035
658.719152912,7597.015267241379
659.0603619992186,7669.708603448275
659.4015215385796,7686.218637931035
659.7426315204004,7602.272689655174
660.0836919349985,7754.731293103447
660.4247027726914,7667.774456896554
660.7656640237967,7706.6235517241375
661.1065756786317,7712.9710086206915
661.4474377275141,7784.015999999999
661.7882501607614,7753.913767241376
662.1290129686911,7758.234025862069
662.4697261416204,7777.562198275861
662.8103896698674,7803.191301724137
663.1510035437491,7828.2089224137935
663.4915677535832,7863.375827586207
663.8320822896872,7832.49594827586
664.1725471423786,7882.6242413793125
664.5129623019748,7886.851448275859
664.8533277587933,7877.194008620691
665.193643503152,7882.365025862068
665.5339095253681,7940.482474137929
665.8741258157589,7901.779603448275
666.2142923646422,7905.986870689656
666.5544091623356,7946.557422413796
666.8944761991562,7944.536870689653
667.2344934654218,7990.909862068964
667.57446095145,8023.23204310345
667.9143786475581,7984.183551724142
668.2542465440636,8037.522129310344
668.594064631284,8061.330077586205
668.9338328995372,8006.662189655173
669.27355133914,8052.417051724135
669.6132199404104,8027.625413793102
669.9528386936657,8056.059362068968
670.2924075892238,8069.631620689655
670.6319266174016,8077.069112068964
670.971395768517,8068.362129310347
671.3108150328875,8128.2807931034495
671.6501844008304,8117.8324137930995
671.9895038626635,8132.79380172414
672.328773408704,8146.392646551724
672.6679930292696,8124.272922413793
673.0071627146776,8155.558241379313
673.3462824552458,8145.940681034486
673.6853522412916,8175.564362068964
674.0243720631324,8179.764982758618
674.3633419110857,8181.739008620687
674.7022617754692,8143.129189655173
675.0411316466003,8140.131594827589
675.3799515147962,8116.60944827586
675.718721370375,8259.729646551723
676.0574412036539,8155.152801724134
676.3961110049503,8163.706913793105
676.7347307645817,8283.86327586207
677.0733004728659,8147.349750000001
677.4118201201202,8178.8676982758625
677.750289696662,8090.428681034485
678.088709192809,8199.139681034481
678.4270785988788,8216.028568965514
678.7653979051886,8165.94680172414
679.103667102056,8140.4971551724175
679.4418861797986,8059.395931034482
679.780055128734,8152.57393965517
680.1181739391793,8202.55600862069
680.4562426014525,8204.211000000003
680.794261105871,8166.398767241377
681.132229442752,8085.0981465517225
681.470147602413,8185.314853448273
681.808015575172,8059.216474137929
682.1458333513463,8043.078646551725
682.4836009212529,8051.499827586206
682.82131827521,8000.8730431034455
683.158985403535,7905.328862068964
683.4966022965449,7989.24157758621
683.8341689445576,7986.403500000003
684.1716853378906,7923.447362068967
684.5091514668615,7967.494060344828
684.8465673217872,7884.398870689657
685.1839328929861,7993.814405172414
685.5212481707752,7864.6851982758635
685.858513145472,7954.952017241381
686.1957278073941,7826.846379310342
686.532892146859,7745.718568965517
686.8700061541842,7764.8805775862065
687.207069819687,7728.756568965519
687.5440831336854,7656.5284913793075
687.8810460864966,7708.856793103445
688.2179586684379,7676.155758620689
688.554820869827,7680.097163793105
688.8916326809817,7535.827112068964
689.228394092219,7634.72780172414
689.5651050938567,7568.860474137931
689.9017656762122,7573.160793103449
690.2383758296032,7522.454250000001
690.574935544347,7464.370034482762
690.911444810761,7435.823094827589
691.2479036191631,7405.541405172415
691.5843119598705,7452.492646551726
691.9206698232007,7342.299465517242
692.2569771994715,7377.426491379308
692.593234079,7309.2129310344835
692.9294404521039,7310.960974137934
693.2655963091007,7278.951181034484
693.6017016403081,7173.337474137933
693.9377564360432,7164.105413793103
694.2737606866239,7094.196982758623
694.6097143823674,7088.740163793104
694.9456175135914,7044.633646551725
695.2814700706133,7107.430267241379
695.6172720437506,7077.148577586206
695.953023423321,6976.386853448275
696.2887241996418,6958.281646551724
696.6243743630305,6941.658620689654
696.9599739038048,6909.4893103448285
697.295522812282,6892.972629310345
697.6310210787797,6860.903017241379
697.9664686936152,6809.412181034483
698.3018656471065,6788.6682931034475
698.6372119295706,6737.223982758621
698.9725075313253,6751.18174137931
699.3077524426881,6715.649275862067
699.6429466539763,6700.402086206895
699.9780901555074,6614.010206896552
700.3131829375992,6666.345155172413
700.648224990569,6592.1563448275865
700.9832163047344,6572.083758620691
701.3181568704127,6535.295094827588
701.6530466779217,6466.589689655173
701.9878857175788,6521.224344827587
702.3226739797014,6437.989577586206
702.657411454607,6441.984155172415
702.9920981326133,6378.522879310345
703.3267340040376,6435.975672413794
703.6613190591974,6340.936629310343
703.9958532884106,6327.444129310345
704.3303366819943,6321.900905172413
704.664769230266,6322.6054396551735
704.9991509235432,6311.073672413791
705.3334817521437,6229.979094827584
705.6677617063847,6181.319689655173
706.001990776584,6194.592853448277
706.3361689530589,6137.239758620688
706.670296226127,6018.725094827585
707.0043725861057,6126.525517241378
707.3383980233124,6123.169008620689
707.6723725280649,6104.159870689655
708.0062960906805,6074.908396551724
708.3401687014768,6050.422499999999
708.6739903507713,6052.782025862069
709.0077610288816,5985.346112068964
709.341480726125,5976.566017241381
709.675149432819,6045.298008620688
710.0087671392814,6002.912948275863
710.3423338358294,5967.805862068966
710.6758495127806,5937.677043103449
711.0093141604527,5818.032465517241
711.3427277691629,5876.748103448277
711.6760903292287,5900.68898275862
712.0094018309679,5849.922620689655
712.3426622646979,5865.548663793104
712.675871620736,5833.3859999999995
713.0090298893998,5829.457887931036
713.3421370610071,5864.039896551725
713.6751931258752,5784.4275
714.0081980743214,5674.24096551724
714.3411518966633,5830.182362068965
714.6740545832188,5899.093810344826
715.0069061243048,5755.847327586208
715.3397065102391,5698.175198275861
715.6724557313395,5742.394706896552
716.005153777923,5761.935568965515
716.3378006403074,5710.770413793104
716.6703963088099,5694.606000000001
717.0029407737486,5777.355568965516
717.3354340254403,5807.597379310344
717.6678760542031,5669.734603448277
718.0002668503543,5689.587853448275
718.3326064042111,5611.058844827586
718.6648947060913,5661.173844827588
718.9971317463124,5654.839681034483
719.3293175151921,5623.760405172416
719.6614520030474,5581.215827586206
719.9935352001961,5530.004146551722
720.3255670969559,5621.520517241379
720.657547683644,5554.928715517241
720.9894769505778,5681.472413793103
721.3213548880752,5655.83001724138
721.6531814864536,5552.476137931035
721.9849567360303,5647.049922413793
722.3166806271229,5617.878206896552
722.6483531500489,5551.386103448276
722.9799742951261,5555.938991379311
723.3115440526715,5492.564120689654
723.6430624130029,5535.640422413795
723.9745293664379,5499.077741379309
724.3059449032936,5583.901034482759
724.6373090138878,5548.548025862071
724.9686216885382,5583.522181034483
725.2998829175622,5500.240887931033
725.6310926912768,5562.904577586205
725.962251,5565.676189655171
726.2933578340493,5608.513215517241
726.624413183742,5520.732206896553
726.9554170393957,5526.089327586207
727.2863693913281,5581.468396551723
727.6172702298564,5545.311155172414
727.9481195452983,5567.477405172416
728.278917327971,5519.296551724137
728.6096635681926,5543.31054310345
728.94035825628,5428.039396551723
729.2710013825509,5481.949577586206
729.6015929373231,5524.241586206896
729.9321329109138,5449.999603448274
730.2626212936404,5470.371284482758
730.5930580758207,5550.003620689654
730.9234432477722,5449.221956896552
731.253776799812,5592.149405172414
731.5840587222582,5505.631241379309
731.9142890054278,5466.356767241379
732.2444676396386,5471.667362068965
732.574594615208,5501.111586206897
732.9046699224534,5441.385672413793
733.2346935516928,5495.920629310343
733.564665493243,5470.723551724137
733.8945857374217,5442.395948275862
734.2244542745469,5547.916603448279
734.5542710949358,5416.128775862071
734.8840361889054,5536.258551724138
735.2137495467739,5458.447370689655
735.5434111588587,5448.863043103448
735.873021015477,5500.885603448277
736.2025791069465,5526.361836206898
736.5320854235848,5498.7520603448265
736.8615399557093,5479.822681034484
737.1909426936373,5561.422396551723
737.5202936276866,5526.182379310346
737.8495927481747,5512.178094827585
738.178840045419,5494.843887931036
738.5080355097368,5531.0742413793105
738.8371791314461,5529.246439655173
739.166270900864,5580.8569137931045
739.4953108083082,5507.9774741379315
739.8242988440961,5531.247051724136
740.1532349985453,5527.837370689653
740.4821192619731,5494.092827586206
740.8109516246973,5550.927491379311
741.1397320770353,5475.96103448276
741.4684606093047,5500.9454224137935
741.7971372118227,5503.517637931035
742.1257618749069,5492.158681034483
742.4543345888751,5507.911008620689
742.7828553440444,5561.6417327586205
743.1113241307326,5495.608241379308
743.4397409392571,5547.903310344827
743.7681057599356,5536.484534482759
744.0964185830851,5507.046956896553
744.4246793990236,5555.420560344826
744.7528881980685,5504.401629310345
745.081044970537,5555.267689655171
745.4091497067471,5488.749
745.737202397016,5542.606008620688
746.0652030316613,5533.88573275862
746.3931516010002,5500.998594827586
746.7210480953507,5492.836629310343
747.0488925050303,5514.9297672413795
747.3766848203559,5489.4335948275875
747.7044250316454,5516.857267241381
748.0321131292166,5471.414793103449
748.3597491033865,5500.061431034485
748.6873329444727,5498.386499999998
749.014864642793,5529.286318965516
749.3423441886647,5463.930775862068
749.6697715724052,5466.0576724137945
749.9971467843322,5472.817215517242
750.3244698147632,5484.20275862069
750.6517406540157,5501.842706896552
750.9789592924069,5428.444836206897
751.3061257202547,5441.02675862069
751.6332399278766,5506.734568965517
751.9603019055899,5439.431586206896
752.287311643712,5453.096896551725
752.6142691325607,5455.376663793102
752.9411743624535,5464.409327586209
753.2680273237074,5444.243689655173
753.5948280066407,5402.470112068963
753.9215764015704,5404.39096551724
754.248272498814,5447.500499999999
754.5749162886892,5427.195284482759
754.9015077615135,5368.2137844827585
755.2280469076043,5388.6652241379325
755.554533717279,5370.786000000001
755.8809681808553,5390.147405172413
756.2073502886508,5358.197431034483
756.5336800309826,5331.604577586208
756.8599573981685,5356.20346551724
757.1861823805261,5350.42096551724
757.5123549683728,5343.129698275863
757.8384751520258,5349.623379310344
758.1645429218031,5329.663784482759
758.4905582680221,5346.639077586209
758.816521181,5313.3465
759.1424316510545,5303.841931034483
759.4682896685033,5297.321663793106
759.7940952236635,5268.110068965518
760.1198483068528,5259.110637931033
760.4455489083888,5249.8985172413795
760.7711970185891,5192.066870689654
761.0967926277708,5203.459060344827
761.4223357262517,5210.318301724139
761.7478263043492,5157.8836551724135
762.073264352381,5150.991181034481
762.3986498606644,5157.976706896553
762.7239828195169,5113.930008620688
763.0492632192563,5157.70419827586
763.3744910501996,5121.247862068965
763.6996663026646,5107.9746982758625
764.0247889669689,5105.960793103449
764.3498590334299,5016.757422413794
764.674876492365,5064.56606896552
764.9998413340919,5008.150137931034
765.324753548928,5048.355129310345
765.6496131271908,4983.43825862069
765.9744200591978,4957.842387931032
766.2991743352666,4942.409094827585
766.6238759457146,4982.308344827586
766.9485248808593,4899.199862068966
767.2731211310183,4951.601275862069
767.5976646865092,4891.596206896551
767.9221555376491,4830.035844827587
768.2465936747559,4839.992379310344
768.5709790881469,4826.8056206896545
768.8953117681399,4768.063396551723
769.2195917050519,4767.976991379311
769.5438188892008,4736.884422413792
769.8679933109041,4691.734396551723
770.1921149604792,4654.9523793103435
770.5161838282434,4704.914508620691
770.8401999045146,4661.246663793101
771.16416317961,4610.041629310346
771.4880736438472,4582.990163793106
771.811931287544,4567.782853448274
772.1357361010175,4492.590413793102
772.4594880745854,4520.173603448275
772.7831871985649,4546.693344827586
773.106833463274,4526.069094827586
773.4304268590299,4445.353370689655
773.7539673761501,4439.378120689654
774.0774550049523,4445.31349137931
774.4008897357538,4444.476025862068
774.7242715588721,4361.959086206897
775.047600464625,4345.62850862069
775.3708764433297,4333.538431034482
775.6940994853038,4278.737612068966
776.0172695808648,4255.926646551723
776.3403867203302,4286.799879310344
776.6634508940177,4199.603767241379
776.9864620922444,4200.368120689655
777.3094203053281,4198.799534482758
777.6323255235864,4148.551603448277
777.9551777373364,4133.264534482758
778.2779769368959,4113.378051724138
778.6007231125826,4105.960500000001
778.9234162547136,4065.0443275862085
779.2460563536066,3998.419293103448
779.568643399579,4004.6005862068964
779.8911773829484,3990.3503793103464
780.2136582940323,3949.0287672413806
780.5360861231482,3919.744060344828
780.8584608606136,3923.1005689655176
781.1807824967461,3905.879353448278
781.503051021863,3874.540862068965
781.8252664262819,3833.810793103447
782.1474287003205,3818.164810344828
782.4695378342959,3781.3030344827594
782.7915938185259,3791.532077586206
783.1135966433282,3767.6044913793116
783.4355462990198,3754.62377586207
783.7574427759185,3777.3815689655166
784.0792860643418,3737.9475775862065
784.4010761546072,3722.7602068965516
784.722813037032,3680.1558103448274
785.0444967019339,3668.8433793103454
785.3661271396305,3668.643982758621
785.6877043404394,3651.462646551724
786.0092282946775,3638.435405172414
786.3306989926629,3622.224465517241
786.6521164247129,3631.7223879310336
786.9734805811449,3630.319965517241
787.2947914522766,3605.475155172414
787.6160490284254,3628.851077586207
787.9372532999091,3620.044396551725
788.2584042570446,3582.285336206898
788.5795018901498,3582.032767241382
788.9005461895424,3602.205051724138
789.2215371455394,3619.9314051724136
789.5424747484585,3576.516129310346
789.8633589886175,3619.472793103448
790.1841898563337,3666.909232758618
790.5049673419245,3640.8215172413766
790.8256914357073,3656.580491379313
791.146362128,3607.9410258620683
791.4669794091199,3635.0257241379313
791.7875432693843,3654.8523879310346
792.1080536991111,3644.450534482759
792.4285106886177,3646.185284482761
792.7489142282213,3665.06149137931
793.0692643082398,3636.487965517242
793.3895609189905,3635.770137931035
793.7098040507909,3687.8525172413792
794.0299936939585,3667.0621034482747
794.350129838811,3671.143086206897
794.6702124756658,3637.4450689655177
794.9902415948401,3667.6337068965527
795.3102171866518,3665.779318965517
795.6301392414183,3637.910327586206
795.9500077494572,3663.6657155172397
796.2698227010857,3696.4930344827585
796.5895840866215,3691.4017758620694
796.9092918963823,3668.198663793103
797.2289461206852,3695.6821551724133
797.5485467498479,3669.554560344828
797.8680937741881,3650.086810344827
798.187587184023,3655.769612068966
798.5070269696703,3714.6314741379315
798.8264131214474,3700.65377586207
799.145745629672,3748.9742068965506
799.4650244846613,3717.0508189655166
799.7842496767328,3696.061008620689
800.1034211962044,3715.9873706896574
800.4225390333933,3701.424775862068
800.741603178617,3746.8672499999993
801.0606136221932,3694.2863793103456
801.3795703544392,3673.4959655172424
801.6984733656726,3700.979456896553
802.0173226462109,3668.7569741379325
802.3361181863717,3730.942112068965
802.6548599764723,3727.293155172416
802.9735480068302,3686.4833275862065
803.2921822677633,3583.8672155172417
803.6107627495887,3697.6694741379315
803.929289442624,3672.073603448275
804.2477623371868,3649.2892241379304
804.5661814235946,3619.5658448275854
804.8845466921647,3647.461422413792
805.2028581332147,3619.0673534482758
805.5211157370624,3639.9906982758635
805.8393194940251,3595.777836206896
806.15746939442,3611.3772931034473
806.475565428565,3620.1175086206904
806.7936075867775,3599.679362068965
807.111595859375,3561.7474913793117
807.429530236675,3552.6749482758605
807.7474107089951,3590.9258534482756
808.0652372666526,3566.5263620689657
808.383009899965,3544.5528620689656
808.70072859925,3537.068844827586
809.0183933548252,3512.0844568965504
809.3360041570078,3542.2132758620696
809.6535609961155,3493.8729051724126
809.9710638624657,3443.146422413792
810.2885127463761,3508.694715517243
810.6059076381638,3415.2774310344835
810.9232485281467,3453.2757672413804
811.2405354066423,3432.9306724137914
811.5577682639678,3338.263836206896
811.8749470904407,3327.6160603448284
812.1920718763791,3350.353913793103
812.5091426121,3398.780689655172
812.8261592879209,3393.237465517242
813.1431218941593,3394.506956896552
813.4600304211331,3368.206551724136
813.7768848591593,3369.4693965517254
814.0936851985556,3399.6846206896553
814.4104314296397,3279.7608879310337
814.7271235427289,3263.8291034482772
815.0437615281405,3295.526508620689
815.3603453761925,3312.275818965517
815.6768750772022,3306.8322931034495
815.9933506214869,3237.276129310345
816.3097719993643,3235.946818965517
816.626139201152,3221.2512931034494
816.9424522171673,3233.839862068967
817.2587110377277,3247.571637931034
817.5749156531509,3292.29628448276
817.8910660537543,3238.625379310344
818.2071622298554,3207.2204224137904
818.5232041717716,3216.1932672413795
818.8391918698208,3205.4258534482756
819.15512531432,3148.2322758620694
819.4710044955867,3177.7030862068955
819.786829403939,3118.0104051724134
820.1026000296939,3177.8891896551727
820.4183163631691,3132.579646551725
820.733978394682,3135.7766379310347
821.0495861145503,3104.178931034483
821.3651395130912,3118.3826120689664
821.6806385806223,3105.8671551724146
821.9960833074613,3033.3532758620695
822.3114736839257,3055.665750000002
822.6268097003326,3085.7679827586207
822.942091347,3002.5797413793116
823.2573186142452,3026.27469827586
823.5724914923858,3014.942327586208
823.8876099717388,3038.444534482759
824.2026740426224,3049.0324913793083
824.5176836953539,3006.9996982758635
824.8326389202506,3013.5199655172414
825.1475397076301,2990.6957068965526
825.4623860478102,2973.461198275862
825.777177931108,2929.135344827587
826.0919153478409,2995.6606810344824
826.406598288327,2924.9214310344837
826.7212267428835,2975.508336206898
827.0358007018276,2928.4640431034486
827.3503201554771,2922.9540517241385
827.6647850941497,2967.3131379310353
827.9791955081625,2941.7704396551717
828.2935513878332,2927.4670603448267
828.6078527234795,2922.3957413793105
828.9220995054185,2879.711586206896
829.236291723968,2941.345060344828
829.5504293694454,2874.0154913793103
829.8645124321683,2898.375103448276
830.178540902454,2902.31650862069
830.4925147706201,2913.057336206896
830.8064340269843,2873.590112068965
831.120298661864,2861.3671034482763
831.4341086655764,2896.0753965517233
831.7478640284395,2849.589413793102
832.0615647407706,2862.0516982758622
832.3752107928871,2820.902896551724
832.6888021751064,2809.9028534482763
833.0023388777464,2877.052965517242
833.3158208911243,2813.977189655172
833.6292482055577,2809.9892586206893
833.9426208113641,2859.52600862069
834.2559386988611,2832.275146551724
834.569201858366,2772.735336206896
834.8824102801964,2782.126913793102
835.19556395467,2793.9378362068965
835.5086628721041,2780.6979051724134
835.821707022816,2737.6083103448273
836.1346963971237,2753.5467413793103
836.4476309853444,2782.0006293103447
836.7605107777956,2737.2759827586206
837.0733357647947,2731.905568965517
837.3861059366598,2756.6639741379313
837.6988212837077,2745.9497327586214
838.0114817962561,2768.85375
838.3240874646227,2682.4153448275865
838.6366382791251,2703.8837068965518
838.9491342300803,2718.5327068965526
839.2615753078062,2708.1175603448264
839.5739615026203,2732.663275862069
839.88629280484,2696.712077586207
840.1985692047826,2730.709189655172
840.510790692766,2703.777362068965
840.8229572591076,2686.416568965517
841.1350688941246,2662.1898879310334
841.4471255881351,2704.4553103448297
841.7591273314559,2646.563844827585
842.0710741144052,2637.6641120689656
842.3829659272999,2672.691439655173
842.6948027604578,2629.3027499999994
843.0065846041965,2639.56502586207
843.3183114488334,2649.980172413793
843.6299832846859,2653.8152327586213
843.9416001020717,2653.183810344827
844.253161891308,2626.2852155172413
844.5646686427127,2615.803603448277
844.876120346603,2638.873784482759
845.1875169932966,2618.635034482759
845.4988585731109,2627.5148275862052
845.8101450763634,2585.302577586206
846.1213764933716,2589.018
846.4325528144531,2606.644655172414
846.7436740299254,2605.395103448276
847.0547401301059,2596.9473362068966
847.3657511053123,2593.663939655172
847.6767069458617,2587.8681465517243
847.987607642072,2572.3152155172415
848.2984531842606,2597.0935603448283
848.6092435627448,2594.6143965517253
848.9199787678427,2575.9841120689653
849.2306587898711,2552.2825086206885
849.5412836191479,2578.1176551724147
849.8518532459905,2550.255310344828
850.1623676607164,2553.0535086206887
850.4728268536431,2510.0436724137935
850.783230815088,2530.8939051724155
851.093579535369,2516.863034482758
851.4038730048032,2544.067370689657
851.7141112137083,2494.995879310346
852.0242941524017,2516.218318965518
852.3344218112011,2524.4268103448276
852.6444941804235,2490.0508448275864
852.9545112503871,2472.6834051724127
853.264473011409,2470.310586206897
853.5743794538067,2485.4580775862064
853.8842305678979,2458.52625
854.194026344,2467.386103448276
854.5037667724305,2463.471284482758
854.8134518435068,2452.457948275862
855.1230815475466,2442.827094827586
855.4326558748674,2427.2010517241383
855.7421748157863,2416.2010086206897
856.0516383606214,2427.9720517241376
856.3610464996898,2417.0584137931028
856.6703992233095,2406.06501724138
856.9796965217972,2385.354362068966
857.2889383854709,2408.9230344827583
857.5981248046484,2394.373732758621
857.9072557696466,2389.535043103448
858.2163312707833,2368.5385862068956
858.5253512983759,2379.252827586207
858.8343158427422,2358.5022931034487
859.1432248941993,2375.1186724137933
859.4520784430649,2356.6545517241384
859.7608764796566,2345.2224827586206
860.0696189942919,2335.870784482758
860.378305977288,2329.5233275862065
860.6869374189627,2325.2030689655185
860.9955133096336,2308.6132758620683
861.3040336396177,2326.1069999999995
861.612498399233,2293.3993189655166
861.9209075787969,2285.263939655173
862.2292611686267,2281.3557672413795
862.5375591590403,2274.509818965518
862.8458015403547,2257.5478189655173
863.1539883028879,2260.578646551723
863.462119436957,2242.4269137931037
863.7701949328797,2225.371862068966
864.0782147809736,2201.357870689655
864.386178971556,2190.882905172414
864.6940874949445,2210.005034482759
865.0019403414566,2195.0303534482746
865.3097375014099,2197.7222068965516
865.6174789651217,2182.5880086206903
865.9251647229097,2182.3753189655167
866.2327947650913,2169.381310344827
866.5403690819841,2161.4253879310345
866.8478876639055,2131.0439999999994
867.1553505011728,2137.1255948275866
867.4627575841041,2138.4083793103455
867.7701089030164,2116.1956034482755
868.0774044482273,2111.669301724138
868.3846442100546,2074.0764051724145
868.6918281788154,2082.5042327586207
868.9989563448274,2053.7778362068975
869.3060286984081,2053.0201293103446
869.6130452298751,2032.8877241379314
869.9200059295456,2041.6345862068965
870.2269107877374,2033.8448275862074
870.5337597947679,1976.059706896551
870.8405529409546,1988.335887931035
871.1472902166151,1944.973784482758
871.4539716120669,1948.1043103448278
871.7605971176272,1934.0269137931036
872.0671667236139,1902.8346465517247
872.3736804203443,1886.105275862069
872.6801381981361,1902.8745258620688
872.9865400473064,1884.756025862069
873.2928859581732,1885.5735517241374
873.5991759210535,1887.8400258620693
873.9054099262653,1879.1662758620696
874.2115879641259,1862.6163620689663
874.5177100249526,1859.638706896552
874.8237760990634,1828.8651724137928
875.1297861767753,1846.8175086206895
875.435740248406,1859.432663793103
875.741638304273,1833.471232758621
876.0474803346939,1860.6622758620692
876.353266329986,1840.277301724138
876.658996280467,1857.7377931034484
876.9646701764544,1842.1051034482766
877.2702880082657,1834.6609655172413
877.5758497662182,1833.5709310344828
877.8813554406296,1820.058491379311
878.1868050218173,1819.7926293103458
878.4921985000991,1847.355879310344
878.7975358657919,1855.3317413793093
879.1028171092139,1823.9201379310348
879.4080422206821,1812.2687327586214
879.7132111905144,1824.6512586206898
880.018324009028,1840.9552500000004
880.3233806665403,1822.5310086206885
880.6283811533692,1848.352862068965
880.933325459832,1831.7564224137932
881.2382135762464,1836.3957155172425
881.5430454929294,1845.3818534482768
881.847821200199,1847.5087499999997
882.1525406883726,1840.363706896552
882.4572039477674,1836.2361982758619
882.7618109687014,1855.7305344827585
883.0663617414918,1832.959448275861
883.3708562564561,1848.2930431034488
883.6752945039119,1858.68825
883.9796764741768,1849.98126724138
884.284002157568,1859.1800948275863
884.5882715444033,1857.9770689655174
884.8924846250001,1811.9762844827587
885.1966413896757,1841.845887931035
885.500741828748,1871.6091465517243
885.8047859325343,1831.7630689655173
886.1087736913521,1847.4755172413788
886.4127050955188,1863.9390258620692
886.7165801353522,1848.6718965517234
887.0203988011696,1826.0138017241375
887.3241610832885,1837.37275862069
887.6278669720265,1824.3920431034485
887.931516457701,1848.3196293103451
888.2351095306296,1848.7117758620693
888.5386461811297,1827.0041379310346
888.8421263995189,1847.9806551724134
889.1455501761147,1826.5255862068962
889.4489175012345,1869.542068965518
889.7522283651961,1836.0434482758615
890.0554827583167,1839.0476896551725
890.3586806709139,1830.9920689655166
890.6618220933051,1824.6113793103464
890.964907015808,1823.0295000000006
891.26793542874,1812.04275
891.5709073224186,1825.4089655172415
891.8738226871615,1825.9340431034477
892.1766815132858,1791.5381379310347
892.4794837911094,1818.5364310344823
892.7822295109495,1811.4379137931041
893.084918663124,1788.6468879310337
893.38755123795,1788.7665258620686
893.6901272257452,1776.9090775862076
893.9926466168271,1773.4728103448274
894.295109401513,1758.724112068965
894.5975155701208,1749.5452241379317
894.8998651129676,1767.703603448277
895.2021580203713,1726.3819913793104
895.5043942826492,1730.9481724137927
895.8065738901186,1729.5656896551718
896.1086968330975,1737.5814310344824
896.410763101903,1696.3861034482761
896.7127726868525,1722.693155172413
897.014725578264,1683.751008620689
897.3166217664545,1662.2294741379299
897.618461241742,1686.815068965518
897.9202439944438,1648.6372758620682
898.2219700148772,1648.7037413793096
898.5236392933599,1659.1521206896555
898.8252518202094,1621.2534827586203
899.1268075857431,1624.2311379310345
899.4283065802786,1633.1042844827577
899.7297487941335,1608.95071551724
900.031134217625,1576.4158448275862
900.3324628410709,1575.6116120689658
900.6337346547887,1592.6866034482757
900.9349496490956,1577.1270258620698
901.2361078143095,1538.9159999999993
901.5372091407476,1565.0967672413792
901.8382536187277,1539.5673620689656
902.1392412385669,1544.8846034482756
902.4401719905832,1501.5025603448275
902.7410458650936,1502.4862500000008
903.0418628524161,1500.0403189655176
903.3426229428677,1472.576767241379
903.6433261267663,1486.8003879310347
903.9439723944292,1449.1676120689654
904.2445617361741,1450.151301724138
904.5450941423185,1439.2443103448281
904.8455696031795,1455.328965517242
905.145988109075,1443.9633620689663
905.4463496503224,1424.7947068965523
905.7466542172392,1427.5197931034484
906.046901800143,1407.6665431034478
906.3470923893511,1387.972810344829
906.6472259751812,1371.1769741379312
906.9473025479507,1376.7002586206902
907.2473220979772,1340.277155172414
907.5472846155781,1355.8433793103447
907.847190091071,1347.1231034482762
908.1470385147733,1306.9513448275868
908.4468298770025,1304.804508620689
908.7465641680764,1307.5894137931032
909.0462413783121,1317.0142241379313
909.345861498027,1267.610405172413
909.6454245175394,1286.313801724138
909.944930427166,1280.3252586206888
910.2443792172248,1252.8018879310346
910.5437708780329,1248.4683362068963
910.843105399908,1245.5505000000003
911.1423827731678,1232.9486379310351
911.4416029881294,1208.5690862068966
911.7407660351107,1213.1618534482768
912.039871904429,1216.1594482758621
912.3389205864019,1195.256043103448
912.6379120713467,1177.1242499999998
912.9368463495812,1177.6028017241376
913.2357234114227,1146.1646120689643
913.5345432471886,1162.3821982758618
913.8333058471968,1150.159189655172
914.1320112017644,1128.1989827586208
914.4306593012092,1131.8412931034484
914.7292501358485,1117.125827586207
915.027783696,1082.2114913793105
915.326259971981,1116.4478793103444
915.6246789541092,1093.2048879310353
915.9230406327019,1079.247129310345
916.2213449980769,1056.92800862069
916.5195920405514,1057.4663793103455
916.817781750443,1071.4374310344822
917.1159141180693,1024.6656465517237
917.4139891337477,1041.0161637931026
917.7120067877958,1016.7163706896549
918.0099670705309,1038.5768793103455
918.3078699722709,1015.8190862068973
918.6057154833329,1009.0130172413794
918.9035035940346,1001.5821724137932
919.2012342946937,989.4721551724128
919.4989075756272,994.4570689655172
919.7965234271528,983.9222844827584
920.0940818395884,987.1525086206893
920.391582803251,954.5777586206896
920.6890263084584,994.8890948275862
920.986412345528,963.3379137931033
921.2837409047773,922.514793103448
921.5810119765239,942.6538448275867
921.8782255510852,952.4508620689653
922.1753816187786,919.2114568965515
922.4724801699219,912.0398275862071
922.7695211948325,920.6404655172412
923.0665046838276,914.6652155172421
923.3634306272252,907.8259137931036
923.6602990153425,897.9225517241389
923.957109838497,877.0723189655175
924.2538630870064,873.3236637931038
924.550558751188,873.4964741379308
924.8471968213594,870.2662499999999
925.143777287838,864.5103362068969
925.4403001409416,844.1652413793099
925.7367653709874,858.8341810344828
926.033172968293,838.4824396551717
926.3295229231761,848.5320258620693
926.6258152259538,827.9011293103442
926.922049866944,812.0225172413793
927.2182268364639,830.5996293103447
927.5143461248313,840.3235344827585
927.8104077223635,823.5011120689662
928.1064116193779,780.8967155172413
928.4023578061923,807.7089051724138
928.6982462731241,804.0599482758626
928.9940770104909,783.9674224137932
929.2898500086097,755.6730517241385
929.5855652577987,761.6017758620692
929.881222748375,749.0198534482752
930.1768224706561,752.3564224137931
930.4723644149599,770.9202413793098
930.7678485716033,752.4295344827583
931.0632749309043,768.6537672413804
931.3586434831801,751.0404051724129
931.6539542187485,729.5321637931038
931.9492071279267,743.8089568965529
932.2444022010322,730.4228017241383
932.539539428383,724.8264051724145
932.834618800296,710.323629310345
933.1296403070891,713.6336120689655
933.4246039390796,711.8257499999991
933.719509686585,699.250474137931
934.0143575399229,696.7513706896546
934.3091474894109,689.3936379310348
934.6038795253663,670.2116896551722
934.8985536381067,693.2951637931039
935.1931698179496,676.2600517241372
935.4877280552125,688.316896551723
935.7822283402131,660.1355172413789
936.0766706632685,641.172905172413
936.3710550146964,644.4097758620692
936.6653813848145,654.0339827586206
936.9596497639401,636.1015862068966
937.2538601423907,634.7390431034482
937.5480125104838,640.9136896551724
937.8421068585369,648.1384913793095
938.1361431768677,647.3010258620691
938.4301214557936,626.6568362068967
938.724041685632,608.9105431034486
939.0179038567005,606.6241293103449
939.3117079593167,634.845387931035
939.6054539837977,584.8566724137927
939.8991419204615,608.6978534482762
940.1927717596254,597.1328534482764
940.4863434916068,586.1660431034484
940.7798571067235,600.157034482759
941.0733125952926,593.0119913793103
941.3667099476321,579.6923017241379
941.660049154059,589.5890172413797
941.9533302048911,592.4802672413796
942.2465530904459,571.0783706896559
942.5397178010408,568.8384827586212
942.8328243269934,579.8584655172417
943.1258726586211,569.7623534482755
943.4188627862416,551.298232758621
943.7117947001722,553.6909913793099
944.0046683907303,548.0547155172408
944.2974838482338,547.2704224137933
944.5902410629999,523.369422413793
944.8829400253463,546.486129310345
945.1755807255904,526.712637931035
945.4681631540498,534.3162931034481
945.7606873010416,554.3822327586208
946.0531531568838,526.7525172413793
946.3455607118939,521.4153362068969
946.637909956389,519.8799827586208
946.9302008806869,542.5978965517243
947.222433475105,515.1476379310348
947.5146077299611,510.48840517241433
947.8067236355722,476.8767931034481
948.0987811822561,495.6067758620693
948.3907803603304,514.1307155172417
948.6827211601122,505.0714655172419
948.9746035719196,481.396448275862
949.2664275860697,484.66655172413834
949.5581931928801,497.7801982758624
949.8499003826682,477.8937155172414
950.1415491457516,470.0109051724128
950.433139472448,484.73301724137923
950.7246713530745,488.16928448275826
951.0161447779491,477.46833620689654
951.3075597373888,455.6078275862076
951.5989162217114,485.3445000000004
951.8902142212344,462.13474137931075
952.1814537262751,451.5999568965515
952.4726347271514,449.30024999999955
952.7637572141804,433.7074396551716
953.0548211776797,451.2809224137934
953.345826607967,435.96062068965534
953.6367734953598,453.6603879310346
953.9276618301752,438.5128965517242
954.218491602731,418.74605172413817
954.5092628033449,429.9986637931029
954.7999754223339,425.82462931034456
955.0906294500162,423.9303620689659
955.3812248767088,432.09897413793146
955.6717616927293,429.7261551724141
955.9622398883953,413.2028275862074
956.252659454024,409.9858965517237
956.5430203799333,397.5767844827583
956.8333226564404,403.7780172413791
957.123566273863,413.31581896551734
957.4137512225187,409.9925431034485
957.7038774927249,389.4746379310352
957.9939450747991,410.41127586206903
958.2839539590585,398.7199913793104
958.573904135821,393.5755603448274
958.8637955954039,387.03535344827606
959.1536283281249,409.63362931034453
959.4434023243015,404.51578448275814
959.7331175742511,391.50848275862063
960.0227740682911,382.74168103448255
960.3123717967391,352.8920172413791
960.6019107499126,359.97724137931027
960.8913909181291,380.7875948275864
961.1808122917063,355.9095517241374
961.4701748609615,348.3989482758618
961.7594786162123,353.6430775862068
962.0487235477761,370.5519051724141
962.3379096459703,351.41648275862076
962.6270369011127,361.53918103448245
962.9161053035206,361.80504310344827
963.2051148435118,361.62558620689606
963.4940655114033,351.36331034482737
963.7829572975131,352.1874827586207
964.0717901921586,362.1838965517245
964.3605641856568,356.5409741379308
964.6492792683258,327.6617068965513
964.9379354304829,346.95664655172436
965.2265326624457,352.58627586206876
965.5150709545317,353.3572758620696
965.8035502970582,337.5850086206892
966.0919706803429,321.7196896551725
966.380332094703,321.633284482758
966.6686345304566,328.2067241379316
966.9568779779205,345.7935000000002
967.2450624274128,319.8719482758622
967.5331878692509,299.52020689655205
967.821254293752,315.69791379310345
968.1092616912339,299.38062931034483
968.3972100520137,307.05739655172465
968.6850993664095,299.0881810344829
968.9729296247382,311.3577155172418
969.2607008173178,292.2289396551721
969.5484129344657,290.07545689655217
969.8360659664992,311.3178362068966
970.123659903736,315.01331896551756
970.4111947364933,294.55523275862083
970.698670455089,293.0398189655175
970.9860870498403,306.63201724137934
971.273444511065,298.68938793103393
971.5607428290805,289.9092931034479
971.8479819942042,286.59266379310384
972.1351619967537,310.1214568965522
972.4222828270463,285.0573103448278
972.7093444753998,276.5829568965521
972.9963469321315,256.85599137931035
973.2832901875591,277.32072413793117
973.570174232,281.34188793103476
973.8569990557718,283.60836206896533
974.1437646491918,285.6222672413794
974.4304710025773,267.1182672413793
974.7171181062464,273.9176896551721
975.0037059505163,273.472370689655
975.2902345257045,266.0149396551726
975.5767038221287,259.77382758620683
975.8631138301062,274.3164827586206
976.1494645399545,252.48256034482756
976.4357559419909,250.2825517241381
976.7219880265335,268.26812068965523
977.0081607838993,252.24993103448332
977.294274204406,253.87168965517208
977.5803282783712,254.39012068965508
977.8663229961121,234.5036379310343
978.1522583479466,273.1134568965517
978.4381343241918,251.57198275862038
978.7239509151655,247.41124137931047
979.0097081111849,247.11879310344807
979.2954059025678,249.52484482758678
979.5810442796319,241.57556896551728
979.8666232326942,229.75135344827572
980.1521427520727,235.37433620689626
980.4376028280842,242.81182758620685
980.7230034510469,224.53381034482754
981.0083446112778,221.7489051724142
981.293626299095,233.2275000000002
981.5788485048156,228.42868965517232
981.8640112187571,216.0793965517239
982.1491144312372,229.89757758620635
982.4341581325729,241.02390517241474
982.7191423130824,228.60814655172385
983.0040669630827,212.11140517241392
983.2889320728916,214.83649137931093
983.5737376328267,220.5591724137928
983.8584836332051,222.95857758620696
984.1431700643446,229.88428448275886
984.4277969165624,218.1132413793107
984.7123641801765,212.0648793103453
984.9968718455038,209.3597327586201
985.2813199028625,216.75069827586208
985.5657083425697,192.96933620689606
985.8500371549429,206.0165172413797
986.1343063302998,203.6503448275862
986.4185158589573,205.04612068965503
986.7026657312338,199.2968534482759
986.9867559374461,198.61225862069023
987.2707864679121,194.31858620689627
987.5547573129493,195.47508620689678
987.838668462875,194.33187931034422
988.1225199080069,198.31316379310374
988.4063116386621,201.8158965517241
988.6900436451588,188.9415258620686
988.9737159178138,185.69136206896496
989.257328446945,184.6412068965517
989.5408812228701,171.44780172413812
989.824374235906,179.2907327586206
990.1078074763708,181.90282758620788
990.3911809345815,196.0533362068968
990.6744946008561,179.21097413793132
990.9577484655115,181.05871551724113
991.2409425188658,167.45322413793087
991.5240767512364,182.4279051724145
991.8071511529406,167.67920689655148
992.090165714296,177.07078448275865
992.3731204256198,186.6218793103451
992.6560152772302,147.02837068965505
992.9388502594439,156.98490517241385
993.2216253625792,158.46708620689674
993.504340576953,177.10401724137932
993.786995892883,183.70404310344838
994.069591300687,174.11971551724173
994.3521267906818,154.21993965517254
994.6346023531856,157.98188793103418
994.9170179785156,146.33712931034415
995.1993736569893,165.21333620689643
995.4816693789244,171.06230172413802
995.7639051346382,167.40005172413794
996.0460809144483,160.554103448276
996.328196708672,153.3492413793108
996.610252507627,137.32440517241434
996.8922483016308,141.45191379310336
997.174184081001,139.72381034482805
997.4560598360551,143.06037931034484
997.7378755571104,144.8150689655174
998.0196312344846,158.2278103448284
998.3013268584948,134.15400000000045
998.582962419459,143.1467844827589
998.8645379076945,142.13650862068926
999.146053313519,130.63132758620714
999.4275086272497,149.7335172413791
999.7089038392044,131.14311206896514
999.9902389397004,143.69180172413803
1000.2715139190549,129.80050862068947
1000.5527287675861,122.02404310344878
1000.8338834756111,133.78179310344808
1001.1149780334474,135.65612068965538
1001.3960124314128,136.42712068965534
1001.6769866598245,135.03799137930991
1001.9579007090001,126.39082758620657
1002.2387545692569,142.01022413793135
1002.5195482309128,137.44404310344794
1002.8002816842849,128.48449137931038
1003.0809549196912,114.64637068965521
1003.3615679274488,114.99863793103486
1003.6421206978755,131.8210603448274
1003.9226132212885,111.31644827586183
1004.2030454880053,124.41015517241385
1004.4834174883438,106.82337931034454
1004.7637292126209,115.96903448275884
1005.0439806511547,138.0621724137934
1005.3241717942625,141.6513103448276
1005.6043026322618,122.33643103448298
1005.88437315547,110.33940517241376
1006.1643833542047,113.33035344827613
1006.4443332187833,100.50250862068947
1006.7242227395233,102.13091379310345
1007.0040519067426,122.07056896551671
1007.2838207107583,117.37810344827585
1007.5635291418881,107.97987931034459
1007.8431771904494,125.34731896551716
1008.1227648467594,113.48322413793085
1008.4022921011363,94.99916379310298
1008.6817589438969,103.0414913793104
1008.9611653653593,110.93094827586197
1009.2405113558408,99.4789396551721
1009.5197969056588,118.91345689655168
1009.7990220051308,90.93812068965485
1010.0781866445743,95.63723275862048
1010.357290814307,102.8952672413784
1010.6363345046461,92.90550000000007
1010.9153177059095,103.31400000000008
1011.1942404084145,92.20096551724146
1011.4731026024787,94.77318103448238
1011.7519042784193,94.9592844827589
1012.0306454265539,82.74292241379271
1012.3093260372002,72.72656896551757
1012.5879461006755,113.23730172413752
1012.8665056072978,106.47111206896534
1013.145004547384,89.08373275862141
1013.423442911252,85.99973275862067
1013.701820689219,99.74480172413814
1013.9801378716024,77.42568103448298
1014.2583944487204,102.19737931034479
1014.5365904108897,91.56289655172395
1014.8147257484286,84.25833620689605
1015.0928004516539,88.85110344827604
1015.3708145108835,68.83168965517234
1015.6487679164347,77.15317241379307
1015.926660658625,62.005681034482905
1016.204492727772,76.13625000000047
1016.4822641141933,67.98093103448286
1016.7599748082064,69.95495689655127
1017.0376248001287,85.35501724137907
1017.3152140802778,72.80632758620663
1017.592742638971,106.98954310344789
1017.8702104665258,84.0988189655177
1018.1476175532599,95.73693103448295
1018.4249638894908,69.51628448275846
1018.7022494655358,77.15981896551739
1018.9794742717129,62.99601724137915
1019.2566382983392,72.08185344827598
1019.5337415357322,66.43893103448295
1019.8107839742094,67.42926724137897
1020.0877656040884,69.21718965517198
1020.3646864156866,66.98394827586253
1020.6415463993217,67.07699999999977
1020.9183455453111,72.42082758620654
1021.1950838439726,75.23231896551715
1021.4717612856232,63.17547413793068
1021.7483778605803,67.8878793103454
1022.0249335591622,85.72722413793076
1022.3014283716853,52.1887241379311
1022.5778622884684,72.16161206896595
1022.8542352998282,69.81537931034495
1023.1305473960822,59.8920775862066
1023.4067985675482,53.837068965517574
1023.6829888045435,60.31081034482736
1023.9591180973856,63.01595689655164
1024.2351864363918,61.38090517241335
1024.5111938118805,55.74462931034441
1024.7871402141682,57.346448275862485
1025.063025633573,54.79417241379292
1025.3388500604121,53.43162931034476
1025.6146134850028,57.71865517241372
1025.8903158976632,61.83951724137887
1026.1659572887106,58.795396551724025
1026.4415376484621,72.24801724137933
1026.717056967236,60.60990517241339
1026.9925152353492,32.408586206896416
1027.2679124431193,36.89500862068962
1027.5432485808635,43.37539655172441
1027.8185236389,43.29563793103466
1028.0937376075456,45.25637068965534
1028.3688904771186,53.012896551724
1028.643982237936,60.05159482758586
1028.9190128803152,45.60199137930999
1029.193982394574,37.20739655172406
1029.4688907710297,70.32716379310318
1029.7437379999997,50.88599999999997
1030.0185240718022,57.725301724138035
1030.293248976754,42.717387931034864
1030.5679127051728,43.56814655172434
1030.842515247376,47.48296551724161
1031.1170565936816,41.13550862068928
1031.3915367344061,47.21710344827602
1031.665955659868,52.85337931034496
1031.9403133603844,30.56084482758638
1032.2146098262729,61.69329310344801
1032.488845047851,37.87869827586178
1032.7630190154362,54.30897413793082
1033.0371317193458,39.02190517241365
1033.3111831498973,37.84546551724088
1033.5851732974086,35.705275862068675
1033.859102152197,49.74943965517241
1034.13296970458,28.872620689655605
1034.4067759448753,28.480474137931196
1034.6805208633998,48.44006896551696
1034.9542044504717,37.566310344827116
1035.227826696408,50.64007758620687
1035.5013875915265,57.53919827586219
1035.7748871261447,31.085922413793014
1036.0483252905797,32.98018965517235
1036.32170207515,30.38138793103394
1036.595017470172,33.73789655172436
1036.8682714659637,33.870827586206815
1037.1414640528424,43.43521551724143
1037.4145952211256,46.99112068965519
1037.6876649611315,46.85818965517228
1037.960673263177,24.904629310344717
1038.2336201175794,33.02671551724143
1038.5065055146567,45.60863793103431
1038.7793294447265,34.96086206896575
1039.0520918981051,35.67204310344869
1039.3247928651115,42.491405172413806
1039.5974323360626,37.287155172413804
1039.8700103012757,32.860551724138304
1040.142526751069,28.68651724137908
1040.414981675759,46.31981896551747
1040.6873750656641,21.215793103447822
1040.9597069111012,17.97892241379327
1041.231977202388,42.21224999999936
1041.5041859298422,46.95124137931066
1041.776333083781,27.5034310344829
1042.0484186545225,38.137913793103735
1042.3204426323834,18.510646551723994
1042.5924050076817,21.415189655172526
